"date","geography","geography code","Rural Urban","Hours Worked: All usual residents aged 16 to 74 in employment the week before the census; measures: Value","Hours Worked: Part-time: 15 hours or less worked; measures: Value","Hours Worked: Part-time: 16 to 30 hours worked; measures: Value","Hours Worked: Full-time: 31 to 48 hours worked; measures: Value","Hours Worked: Full-time: 49 or more hours worked; measures: Value","Hours Worked: Males: Total; measures: Value","Hours Worked: Males: Part-time: 15 hours or less worked; measures: Value","Hours Worked: Males: Part-time: 16 to 30 hours worked; measures: Value","Hours Worked: Males: Full-time: 31 to 48 hours worked; measures: Value","Hours Worked: Males: Full-time: 49 or more hours worked; measures: Value","Hours Worked: Females: Total; measures: Value","Hours Worked: Females: Part-time: 15 hours or less worked; measures: Value","Hours Worked: Females: Part-time: 16 to 30 hours worked; measures: Value","Hours Worked: Females: Full-time: 31 to 48 hours worked; measures: Value","Hours Worked: Females: Full-time: 49 or more hours worked; measures: Value"
"2011","Darlington","E06000005","Total",49014,4093,10240,29280,5401,25264,1259,2344,17463,4198,23750,2834,7896,11817,1203
"2011","County Durham","E06000047","Total",227894,18785,45205,138621,25283,118472,6031,10744,82190,19507,109422,12754,34461,56431,5776
"2011","Hartlepool","E06000001","Total",37767,3247,8939,21662,3919,19511,934,2054,13333,3190,18256,2313,6885,8329,729
"2011","Middlesbrough","E06000002","Total",54547,5716,13450,30267,5114,28197,1884,3631,18490,4192,26350,3832,9819,11777,922
"2011","Northumberland","E06000057","Total",146901,13206,30630,84010,19055,75848,3951,7090,49784,15023,71053,9255,23540,34226,4032
"2011","Redcar and Cleveland","E06000003","Total",56354,5508,13011,31673,6162,28719,1523,2690,19463,5043,27635,3985,10321,12210,1119
"2011","Stockton-on-Tees","E06000004","Total",87122,7656,19523,50548,9395,44908,2270,4466,30554,7618,42214,5386,15057,19994,1777
"2011","Gateshead","E08000037","Total",91877,6865,19036,57288,8688,47337,2143,4574,34020,6600,44540,4722,14462,23268,2088
"2011","Newcastle upon Tyne","E08000021","Total",119335,13321,25442,68307,12265,62768,5175,8142,40373,9078,56567,8146,17300,27934,3187
"2011","North Tyneside","E08000022","Total",96026,7344,19754,59032,9896,48859,2370,4530,34380,7579,47167,4974,15224,24652,2317
"2011","South Tyneside","E08000023","Total",64622,4918,13908,38645,7151,33531,1528,3228,22904,5871,31091,3390,10680,15741,1280
"2011","Sunderland","E08000024","Total",121511,9688,26933,74114,10776,62514,3169,6711,44167,8467,58997,6519,20222,29947,2309
"2011","Blackburn with Darwen","E06000008","Total",60523,5133,13869,36410,5111,33440,1954,5347,22251,3888,27083,3179,8522,14159,1223
"2011","Blackpool","E06000009","Total",61419,5065,14452,35389,6513,31451,1977,4129,20579,4766,29968,3088,10323,14810,1747
"2011","Cheshire East","E06000049","Total",181136,18003,35081,102292,25760,95118,5429,8432,61313,19944,86018,12574,26649,40979,5816
"2011","Cheshire West and Chester","E06000050","Total",160138,15902,32408,91529,20299,83031,4720,7416,55146,15749,77107,11182,24992,36383,4550
"2011","Halton","E06000006","Total",57577,4464,11587,35764,5762,29843,1397,2456,21393,4597,27734,3067,9131,14371,1165
"2011","Warrington","E06000007","Total",100856,8612,19513,61133,11598,52424,2696,4391,36275,9062,48432,5916,15122,24858,2536
"2011","Allerdale","E07000026","Total",46076,4235,10308,25665,5868,24175,1166,2097,16357,4555,21901,3069,8211,9308,1313
"2011","Barrow-in-Furness","E07000027","Total",31257,3088,7128,18761,2280,16552,833,1407,12498,1814,14705,2255,5721,6263,466
"2011","Carlisle","E07000028","Total",53874,5194,11751,29827,7102,28277,1532,2520,18474,5751,25597,3662,9231,11353,1351
"2011","Copeland","E07000029","Total",32891,2731,6704,20406,3050,17546,698,1280,13196,2372,15345,2033,5424,7210,678
"2011","Eden","E07000030","Total",27461,3006,5689,13152,5614,14525,802,1265,7962,4496,12936,2204,4424,5190,1118
"2011","South Lakeland","E07000031","Total",51672,5938,10710,27265,7759,26834,1799,2617,16726,5692,24838,4139,8093,10539,2067
"2011","Bolton","E08000001","Total",123367,10224,26157,74548,12438,65347,3615,7760,44406,9566,58020,6609,18397,30142,2872
"2011","Bury","E08000002","Total",88036,7014,17958,53696,9368,45419,2239,4725,31246,7209,42617,4775,13233,22450,2159
"2011","Manchester","E08000003","Total",213705,22989,42956,127936,19824,114297,9617,17002,73856,13822,99408,13372,25954,54080,6002
"2011","Oldham","E08000004","Total",96300,7538,20942,58886,8934,51644,2826,7191,34699,6928,44656,4712,13751,24187,2006
"2011","Rochdale","E08000005","Total",90753,6670,19361,55918,8804,47770,2372,5859,32692,6847,42983,4298,13502,23226,1957
"2011","Salford","E08000006","Total",106904,9007,20585,66867,10445,56000,3385,6053,38602,7960,50904,5622,14532,28265,2485
"2011","Stockport","E08000007","Total",137130,12018,27267,82417,15428,70877,3847,6745,48574,11711,66253,8171,20522,33843,3717
"2011","Tameside","E08000008","Total",101892,7207,19733,65399,9553,53107,2312,5080,38261,7454,48785,4895,14653,27138,2099
"2011","Trafford","E08000009","Total",110912,9886,21069,66753,13204,57838,3319,5615,39040,9864,53074,6567,15454,27713,3340
"2011","Wigan","E08000010","Total",149908,11550,30028,93374,14956,79220,3718,7014,56642,11846,70688,7832,23014,36732,3110
"2011","Burnley","E07000117","Total",38133,3096,8504,23316,3217,20309,1157,2588,14105,2459,17824,1939,5916,9211,758
"2011","Chorley","E07000118","Total",53702,4563,10395,31873,6871,28281,1484,2612,18876,5309,25421,3079,7783,12997,1562
"2011","Fylde","E07000119","Total",34510,3255,6815,20176,4264,17988,1051,1757,11912,3268,16522,2204,5058,8264,996
"2011","Hyndburn","E07000120","Total",35993,2656,7738,22413,3186,19209,972,2293,13522,2422,16784,1684,5445,8891,764
"2011","Lancaster","E07000121","Total",62832,7527,13792,33723,7790,31931,2434,3463,20077,5957,30901,5093,10329,13646,1833
"2011","Pendle","E07000122","Total",39324,3296,8712,23428,3888,21472,1247,2880,14374,2971,17852,2049,5832,9054,917
"2011","Preston","E07000123","Total",64180,6933,13625,37450,6172,34176,2534,4149,22723,4770,30004,4399,9476,14727,1402
"2011","Ribble Valley","E07000124","Total",28713,2886,5505,15638,4684,14920,907,1233,9168,3612,13793,1979,4272,6470,1072
"2011","Rossendale","E07000125","Total",32808,2577,6402,19747,4082,17006,829,1653,11412,3112,15802,1748,4749,8335,970
"2011","South Ribble","E07000126","Total",55761,4689,10741,34248,6083,28782,1435,2358,20190,4799,26979,3254,8383,14058,1284
"2011","West Lancashire","E07000127","Total",51694,5455,10604,28980,6655,26687,1669,2453,17344,5221,25007,3786,8151,11636,1434
"2011","Wyre","E07000128","Total",48558,4680,10561,27212,6105,25064,1512,2631,16073,4848,23494,3168,7930,11139,1257
"2011","Knowsley","E08000011","Total",61691,4568,13958,38150,5015,30539,1389,3030,22186,3934,31152,3179,10928,15964,1081
"2011","Liverpool","E08000012","Total",196630,19406,43241,115892,18091,100361,7300,12624,66989,13448,96269,12106,30617,48903,4643
"2011","Sefton","E08000014","Total",121919,11493,26988,70442,12996,61647,3694,6736,41108,10109,60272,7799,20252,29334,2887
"2011","St. Helens","E08000013","Total",78580,6183,16002,48746,7649,40707,1874,3578,29257,5998,37873,4309,12424,19489,1651
"2011","Wirral","E08000015","Total",139929,12300,30867,82162,14600,71103,3796,7598,48654,11055,68826,8504,23269,33508,3545
"2011","East Riding of Yorkshire","E06000011","Total",158757,16393,32908,86161,23295,83196,4669,7187,52837,18503,75561,11724,25721,33324,4792
"2011","Kingston upon Hull, City of","E06000010","Total",110903,9944,24914,65873,10172,58850,3186,5971,41326,8367,52053,6758,18943,24547,1805
"2011","North East Lincolnshire","E06000012","Total",70776,6595,16330,38803,9048,37659,1700,3651,24647,7661,33117,4895,12679,14156,1387
"2011","North Lincolnshire","E06000013","Total",78101,7073,15950,44769,10309,42032,1862,3203,28464,8503,36069,5211,12747,16305,1806
"2011","York","E06000014","Total",98721,11487,20822,55400,11012,50608,3751,5234,33319,8304,48113,7736,15588,22081,2708
"2011","Craven","E07000163","Total",27600,2974,5504,14293,4829,14316,813,1284,8472,3747,13284,2161,4220,5821,1082
"2011","Hambleton","E07000164","Total",45255,4589,8588,23800,8278,24165,1270,1848,14417,6630,21090,3319,6740,9383,1648
"2011","Harrogate","E07000165","Total",81402,8203,15453,43991,13755,42975,2499,3465,26209,10802,38427,5704,11988,17782,2953
"2011","Richmondshire","E07000166","Total",27795,2295,4660,13480,7360,16441,672,1034,8438,6297,11354,1623,3626,5042,1063
"2011","Ryedale","E07000167","Total",25504,2877,5219,12903,4505,13485,721,1187,8052,3525,12019,2156,4032,4851,980
"2011","Scarborough","E07000168","Total",48359,5204,11773,24689,6693,25032,1604,3105,15245,5078,23327,3600,8668,9444,1615
"2011","Selby","E07000169","Total",43286,3838,8283,24764,6401,22666,1054,1570,14981,5061,20620,2784,6713,9783,1340
"2011","Barnsley","E08000016","Total",103579,8086,22357,61102,12034,54347,2274,4941,37371,9761,49232,5812,17416,23731,2273
"2011","Doncaster","E08000017","Total",133815,11238,29342,78014,15221,71019,3400,7072,48221,12326,62796,7838,22270,29793,2895
"2011","Rotherham","E08000018","Total",114871,9645,25564,66799,12863,60668,2776,5894,41563,10435,54203,6869,19670,25236,2428
"2011","Sheffield","E08000019","Total",244318,26473,53568,140545,23732,127532,9296,14941,85199,18096,116786,17177,38627,55346,5636
"2011","Bradford","E08000032","Total",218937,19773,50552,127541,21071,119780,7332,18207,78077,16164,99157,12441,32345,49464,4907
"2011","Calderdale","E08000033","Total",96645,8160,20474,56992,11019,50682,2667,5294,34304,8417,45963,5493,15180,22688,2602
"2011","Kirklees","E08000034","Total",192397,18353,41433,110829,21782,104074,6342,12381,68406,16945,88323,12011,29052,42423,4837
"2011","Leeds","E08000035","Total",355225,34322,70354,211309,39240,184048,11998,18792,124133,29125,171177,22324,51562,87176,10115
"2011","Wakefield","E08000036","Total",151828,12132,31392,91624,16680,79789,3509,7008,56011,13261,72039,8623,24384,35613,3419
"2011","Derby","E06000015","Total",112422,10959,23440,66846,11177,59485,3603,6333,40808,8741,52937,7356,17107,26038,2436
"2011","Leicester","E06000016","Total",137494,14618,30928,80677,11271,74955,5542,11420,49410,8583,62539,9076,19508,31267,2688
"2011","Nottingham","E06000018","Total",123218,14021,26500,71333,11364,65595,5335,8720,42882,8658,57623,8686,17780,28451,2706
"2011","Rutland","E06000017","Total",18037,1944,3477,9405,3211,9885,666,911,5847,2461,8152,1278,2566,3558,750
"2011","Amber Valley","E07000032","Total",59381,5513,11530,34586,7752,31524,1386,2478,21451,6209,27857,4127,9052,13135,1543
"2011","Bolsover","E07000033","Total",34511,2951,6873,20398,4289,18328,790,1565,12516,3457,16183,2161,5308,7882,832
"2011","Chesterfield","E07000034","Total",47901,4365,10755,27415,5366,25117,1308,2630,16863,4316,22784,3057,8125,10552,1050
"2011","Derbyshire Dales","E07000035","Total",35005,4165,7212,17211,6417,18611,1135,1705,10634,5137,16394,3030,5507,6577,1280
"2011","Erewash","E07000036","Total",54851,4941,10662,33220,6028,28656,1341,2266,20278,4771,26195,3600,8396,12942,1257
"2011","High Peak","E07000037","Total",45618,4506,9187,25807,6118,23889,1300,2146,15688,4755,21729,3206,7041,10119,1363
"2011","North East Derbyshire","E07000038","Total",46858,4553,10088,26288,5929,24646,1247,2240,16400,4759,22212,3306,7848,9888,1170
"2011","South Derbyshire","E07000039","Total",47886,4286,9057,27378,7165,25563,1127,1832,16795,5809,22323,3159,7225,10583,1356
"2011","Blaby","E07000129","Total",48276,4394,9550,28464,5868,25185,1215,1997,17307,4666,23091,3179,7553,11157,1202
"2011","Charnwood","E07000130","Total",79572,8537,15365,45728,9942,42069,2919,3535,27785,7830,37503,5618,11830,17943,2112
"2011","Harborough","E07000131","Total",44079,4643,8317,23853,7266,23324,1299,1862,14368,5795,20755,3344,6455,9485,1471
"2011","Hinckley and Bosworth","E07000132","Total",53774,4741,10194,31446,7393,28426,1331,2033,19226,5836,25348,3410,8161,12220,1557
"2011","Melton","E07000133","Total",26184,2700,4879,14471,4134,13929,758,1014,8883,3274,12255,1942,3865,5588,860
"2011","North West Leicestershire","E07000134","Total",46291,4184,8566,26688,6853,24812,1142,1736,16461,5473,21479,3042,6830,10227,1380
"2011","Oadby and Wigston","E07000135","Total",26399,2711,5496,15392,2800,13712,875,1352,9252,2233,12687,1836,4144,6140,567
"2011","Boston","E07000136","Total",30807,2521,6578,17504,4204,16149,728,1621,10375,3425,14658,1793,4957,7129,779
"2011","East Lindsey","E07000137","Total",56311,5875,12751,28675,9010,29827,1698,3441,17588,7100,26484,4177,9310,11087,1910
"2011","Lincoln","E07000138","Total",44599,5219,9217,25337,4826,23086,1726,2365,15238,3757,21513,3493,6852,10099,1069
"2011","North Kesteven","E07000139","Total",52428,4952,9936,29499,8041,27762,1326,2109,17858,6469,24666,3626,7827,11641,1572
"2011","South Holland","E07000140","Total",41490,3592,7333,23154,7411,22164,945,1565,13616,6038,19326,2647,5768,9538,1373
"2011","South Kesteven","E07000141","Total",66532,6484,12809,37513,9726,34611,1779,2625,22543,7664,31921,4705,10184,14970,2062
"2011","West Lindsey","E07000142","Total",41968,4554,8335,22524,6555,21948,1246,1790,13626,5286,20020,3308,6545,8898,1269
"2011","Corby","E07000150","Total",30688,2053,5557,19783,3295,16204,679,1126,11760,2639,14484,1374,4431,8023,656
"2011","Daventry","E07000151","Total",39536,3965,6962,22055,6554,21029,1117,1469,13266,5177,18507,2848,5493,8789,1377
"2011","East Northamptonshire","E07000152","Total",43417,3928,7489,24899,7101,23281,1061,1433,15113,5674,20136,2867,6056,9786,1427
"2011","Kettering","E07000153","Total",46918,4126,8767,27789,6236,24821,1121,1882,16869,4949,22097,3005,6885,10920,1287
"2011","Northampton","E07000154","Total",106792,9228,19179,65918,12467,55978,2968,4452,38844,9714,50814,6260,14727,27074,2753
"2011","South Northamptonshire","E07000155","Total",45740,4662,7927,25137,8014,24176,1278,1522,15058,6318,21564,3384,6405,10079,1696
"2011","Wellingborough","E07000156","Total",36363,3136,6408,22130,4689,19253,911,1405,13157,3780,17110,2225,5003,8973,909
"2011","Ashfield","E07000170","Total",55336,4598,11188,33452,6098,29158,1219,2357,20571,5011,26178,3379,8831,12881,1087
"2011","Bassetlaw","E07000171","Total",52814,4890,11085,29596,7243,28158,1403,2681,18156,5918,24656,3487,8404,11440,1325
"2011","Broxtowe","E07000172","Total",53185,4867,10323,31897,6098,28063,1460,2473,19417,4713,25122,3407,7850,12480,1385
"2011","Gedling","E07000173","Total",55598,4974,11615,32717,6292,28599,1515,2722,19412,4950,26999,3459,8893,13305,1342
"2011","Mansfield","E07000174","Total",48361,4389,9918,28420,5634,25410,1261,2431,17162,4556,22951,3128,7487,11258,1078
"2011","Newark and Sherwood","E07000175","Total",54555,5585,10907,29967,8096,28999,1596,2625,18196,6582,25556,3989,8282,11771,1514
"2011","Rushcliffe","E07000176","Total",55346,5785,10628,30833,8100,28938,1823,2563,18401,6151,26408,3962,8065,12432,1949
"2011","Herefordshire, County of","E06000019","Total",90237,9236,18633,47448,14920,47975,2628,4372,29127,11848,42262,6608,14261,18321,3072
"2011","Shropshire","E06000051","Total",150748,15327,30934,80791,23696,80881,4307,7367,50364,18843,69867,11020,23567,30427,4853
"2011","Stoke-on-Trent","E06000021","Total",108109,9264,22842,65754,10249,58539,3149,6816,40404,8170,49570,6115,16026,25350,2079
"2011","Telford and Wrekin","E06000020","Total",78372,6637,14513,48181,9041,42122,2093,3337,29563,7129,36250,4544,11176,18618,1912
"2011","Cannock Chase","E07000192","Total",47476,4194,9370,27648,6264,25245,1157,1919,17013,5156,22231,3037,7451,10635,1108
"2011","East Staffordshire","E07000193","Total",54921,5126,10595,31500,7700,29616,1522,2525,19323,6246,25305,3604,8070,12177,1454
"2011","Lichfield","E07000194","Total",49016,5028,9357,26922,7709,26001,1427,2183,16373,6018,23015,3601,7174,10549,1691
"2011","Newcastle-under-Lyme","E07000195","Total",57366,5591,11460,33685,6630,30259,1805,2752,20548,5154,27107,3786,8708,13137,1476
"2011","South Staffordshire","E07000196","Total",53328,5256,10625,30072,7375,28019,1458,2368,18383,5810,25309,3798,8257,11689,1565
"2011","Stafford","E07000197","Total",64494,6339,12472,36236,9447,34298,2160,3046,21633,7459,30196,4179,9426,14603,1988
"2011","Staffordshire Moorlands","E07000198","Total",47591,4485,9406,26672,7028,25184,1232,2137,16259,5556,22407,3253,7269,10413,1472
"2011","Tamworth","E07000199","Total",38281,3309,7292,22850,4830,20213,883,1548,13883,3899,18068,2426,5744,8967,931
"2011","North Warwickshire","E07000218","Total",31258,2687,5942,18106,4523,16475,702,1326,10962,3485,14783,1985,4616,7144,1038
"2011","Nuneaton and Bedworth","E07000219","Total",60205,4979,11885,36905,6436,31794,1394,2628,22676,5096,28411,3585,9257,14229,1340
"2011","Rugby","E07000220","Total",50485,4210,8917,30186,7172,26951,1214,1836,18353,5548,23534,2996,7081,11833,1624
"2011","Stratford-on-Avon","E07000221","Total",60765,6578,11645,32298,10244,31858,1786,2704,19396,7972,28907,4792,8941,12902,2272
"2011","Warwick","E07000222","Total",69608,7188,12096,40609,9715,36788,2364,2905,24310,7209,32820,4824,9191,16299,2506
"2011","Birmingham","E08000025","Total",423691,41824,90924,249030,41913,226740,15490,34004,146632,30614,196951,26334,56920,102398,11299
"2011","Coventry","E08000026","Total",137560,13508,27810,84060,12182,72677,5059,7776,50637,9205,64883,8449,20034,33423,2977
"2011","Dudley","E08000027","Total",141998,12833,29560,84436,15169,75348,3523,6888,52774,12163,66650,9310,22672,31662,3006
"2011","Sandwell","E08000028","Total",128630,10279,26642,80299,11410,68739,3195,7968,48517,9059,59891,7084,18674,31782,2351
"2011","Solihull","E08000029","Total",97941,9338,19110,56677,12816,50810,2768,4264,33769,10009,47131,6570,14846,22908,2807
"2011","Walsall","E08000030","Total",112270,9853,23776,66835,11806,60467,2851,6839,41366,9411,51803,7002,16937,25469,2395
"2011","Wolverhampton","E08000031","Total",104284,9587,21517,63228,9952,55426,3155,6171,38356,7744,48858,6432,15346,24872,2208
"2011","Bromsgrove","E07000234","Total",46251,4618,9227,25625,6781,23857,1347,1953,15363,5194,22394,3271,7274,10262,1587
"2011","Malvern Hills","E07000235","Total",34361,3854,7144,17833,5530,18145,1162,1798,10972,4213,16216,2692,5346,6861,1317
"2011","Redditch","E07000236","Total",42922,3732,7966,26535,4689,22723,1117,1781,16119,3706,20199,2615,6185,10416,983
"2011","Worcester","E07000237","Total",50101,5115,9884,29101,6001,26164,1624,2313,17686,4541,23937,3491,7571,11415,1460
"2011","Wychavon","E07000238","Total",58268,6104,11419,31670,9075,30792,1656,2642,19331,7163,27476,4448,8777,12339,1912
"2011","Wyre Forest","E07000239","Total",46339,4423,9727,26226,5963,24436,1294,2379,16110,4653,21903,3129,7348,10116,1310
"2011","Bedford","E06000055","Total",75810,7705,14080,43713,10312,39894,2428,3569,25889,8008,35916,5277,10511,17824,2304
"2011","Central Bedfordshire","E06000056","Total",132061,12503,22687,77141,19730,70218,3372,4811,46417,15618,61843,9131,17876,30724,4112
"2011","Luton","E06000032","Total",89201,8474,17630,54210,8887,49657,3177,6576,32943,6961,39544,5297,11054,21267,1926
"2011","Peterborough","E06000031","Total",88044,7109,16718,54376,9841,47740,2370,4589,33056,7725,40304,4739,12129,21320,2116
"2011","Southend-on-Sea","E06000033","Total",81339,8211,15639,46349,11140,43401,2483,4091,28187,8640,37938,5728,11548,18162,2500
"2011","Thurrock","E06000034","Total",77420,6674,13907,46749,10090,41616,1750,3206,28398,8262,35804,4924,10701,18351,1828
"2011","Cambridge","E07000008","Total",59437,6265,9818,34795,8559,32001,2389,3067,20629,5916,27436,3876,6751,14166,2643
"2011","East Cambridgeshire","E07000009","Total",43919,4251,7663,25151,6854,23497,1107,1649,15270,5471,20422,3144,6014,9881,1383
"2011","Fenland","E07000010","Total",44514,3992,8215,25834,6473,23976,1146,1872,15679,5279,20538,2846,6343,10155,1194
"2011","Huntingdonshire","E07000011","Total",88991,8248,15375,52393,12975,47565,2360,3407,31428,10370,41426,5888,11968,20965,2605
"2011","South Cambridgeshire","E07000012","Total",79139,8113,13757,45466,11803,42244,2316,3144,27590,9194,36895,5797,10613,17876,2609
"2011","Basildon","E07000066","Total",83006,8125,14723,48769,11389,44182,2113,3279,29582,9208,38824,6012,11444,19187,2181
"2011","Braintree","E07000067","Total",74200,7557,13531,41701,11411,39557,1949,2934,25563,9111,34643,5608,10597,16138,2300
"2011","Brentwood","E07000068","Total",36251,3716,6172,20031,6332,19281,1006,1431,11956,4888,16970,2710,4741,8075,1444
"2011","Castle Point","E07000069","Total",41443,4379,7866,23353,5845,22405,1108,1756,14719,4822,19038,3271,6110,8634,1023
"2011","Chelmsford","E07000070","Total",86451,9182,15368,48839,13062,45966,2508,3564,29635,10259,40485,6674,11804,19204,2803
"2011","Colchester","E07000071","Total",85587,9680,16139,46946,12822,45396,2930,3703,28589,10174,40191,6750,12436,18357,2648
"2011","Epping Forest","E07000072","Total",61609,6252,10809,34460,10088,32614,1742,2741,20275,7856,28995,4510,8068,14185,2232
"2011","Harlow","E07000073","Total",40401,3687,7402,24832,4480,21208,1102,1680,14846,3580,19193,2585,5722,9986,900
"2011","Maldon","E07000074","Total",30292,3457,5615,16254,4966,16463,909,1290,10204,4060,13829,2548,4325,6050,906
"2011","Rochford","E07000075","Total",40662,4433,7590,22730,5909,21895,1072,1705,14297,4821,18767,3361,5885,8433,1088
"2011","Tendring","E07000076","Total",54857,6128,12202,29013,7514,28794,1762,3050,18020,5962,26063,4366,9152,10993,1552
"2011","Uttlesford","E07000077","Total",40772,4692,7142,21534,7404,22004,1279,1616,13225,5884,18768,3413,5526,8309,1520
"2011","Broxbourne","E07000095","Total",46222,4346,8650,27093,6133,24280,1133,1992,16212,4943,21942,3213,6658,10881,1190
"2011","Dacorum","E07000096","Total",73437,7377,12773,42097,11190,38945,2177,3004,25223,8541,34492,5200,9769,16874,2649
"2011","East Hertfordshire","E07000242","Total",72225,7409,12056,40776,11984,38402,1940,2643,24577,9242,33823,5469,9413,16199,2742
"2011","Hertsmere","E07000098","Total",49428,5115,9013,27736,7564,25930,1397,2255,16418,5860,23498,3718,6758,11318,1704
"2011","North Hertfordshire","E07000099","Total",64990,6544,11224,37736,9486,34638,1876,2494,22992,7276,30352,4668,8730,14744,2210
"2011","St Albans","E07000240","Total",71378,7411,12198,38883,12886,38046,2074,2967,23266,9739,33332,5337,9231,15617,3147
"2011","Stevenage","E07000243","Total",42738,3763,7699,26580,4696,22608,1190,1762,15971,3685,20130,2573,5937,10609,1011
"2011","Three Rivers","E07000102","Total",43999,4452,7808,24681,7058,23202,1219,1820,14754,5409,20797,3233,5988,9927,1649
"2011","Watford","E07000103","Total",47634,4133,7863,29683,5955,25454,1373,2258,17441,4382,22180,2760,5605,12242,1573
"2011","Welwyn Hatfield","E07000241","Total",52981,6354,9380,30270,6977,28016,2142,2391,18090,5393,24965,4212,6989,12180,1584
"2011","Breckland","E07000143","Total",61301,6142,11784,33755,9620,33117,1658,2709,20851,7899,28184,4484,9075,12904,1721
"2011","Broadland","E07000144","Total",61541,6867,13076,33616,7982,32512,1813,2849,21345,6505,29029,5054,10227,12271,1477
"2011","Great Yarmouth","E07000145","Total",41264,4375,9693,21806,5390,21955,1218,2543,13702,4492,19309,3157,7150,8104,898
"2011","King's Lynn and West Norfolk","E07000146","Total",67268,6841,13313,37137,9977,36131,1890,3078,23165,7998,31137,4951,10235,13972,1979
"2011","North Norfolk","E07000147","Total",43183,5122,9384,22359,6318,23025,1422,2608,14017,4978,20158,3700,6776,8342,1340
"2011","Norwich","E07000148","Total",62424,7139,12223,36390,6672,32923,2479,3715,21803,4926,29501,4660,8508,14587,1746
"2011","South Norfolk","E07000149","Total",60333,6847,12149,32039,9298,31755,1832,2743,19804,7376,28578,5015,9406,12235,1922
"2011","Babergh","E07000200","Total",42250,4938,8266,22511,6535,22553,1320,1879,14156,5198,19697,3618,6387,8355,1337
"2011","Forest Heath","E07000201","Total",31540,2577,4781,18456,5726,17679,724,1142,11282,4531,13861,1853,3639,7174,1195
"2011","Ipswich","E07000202","Total",65479,6601,13433,38292,7153,35051,1941,3239,24133,5738,30428,4660,10194,14159,1415
"2011","Mid Suffolk","E07000203","Total",48570,5831,9310,25412,8017,26220,1413,1960,16275,6572,22350,4418,7350,9137,1445
"2011","St Edmundsbury","E07000204","Total",56483,5740,10544,31973,8226,30514,1673,2344,19849,6648,25969,4067,8200,12124,1578
"2011","Suffolk Coastal","E07000205","Total",58257,7354,11876,30154,8873,30981,2038,2674,19118,7151,27276,5316,9202,11036,1722
"2011","Waveney","E07000206","Total",49181,5895,11128,25687,6471,26061,1559,2642,16532,5328,23120,4336,8486,9155,1143
"2011","Camden","E09000007","Total",108966,9690,15239,58926,25111,57653,3663,6276,30936,16778,51313,6027,8963,27990,8333
"2011","City of London","E09000001","Total",4747,260,418,2252,1817,2883,137,190,1295,1261,1864,123,228,957,556
"2011","Hackney","E09000012","Total",118556,9974,22546,67993,18043,61808,4249,9548,36285,11726,56748,5725,12998,31708,6317
"2011","Hammersmith and Fulham","E09000013","Total",99618,7074,12156,57191,23197,51215,2785,4334,28759,15337,48403,4289,7822,28432,7860
"2011","Haringey","E09000014","Total",124296,10893,23865,72247,17291,65576,4363,9571,39829,11813,58720,6530,14294,32418,5478
"2011","Islington","E09000019","Total",106765,7790,14494,61581,22900,55698,3123,5416,32327,14832,51067,4667,9078,29254,8068
"2011","Kensington and Chelsea","E09000020","Total",81387,5949,10015,36875,28548,44770,2245,3765,18966,19794,36617,3704,6250,17909,8754
"2011","Lambeth","E09000022","Total",166494,11298,23883,102572,28741,87062,4457,8586,54747,19272,79432,6841,15297,47825,9469
"2011","Lewisham","E09000023","Total",136057,11762,24660,82036,17599,69753,4564,8598,44485,12106,66304,7198,16062,37551,5493
"2011","Newham","E09000025","Total",132454,14697,29883,75272,12602,78478,7872,15916,45279,9411,53976,6825,13967,29993,3191
"2011","Southwark","E09000028","Total",147388,11455,23310,86853,25770,77077,4456,8449,46737,17435,70311,6999,14861,40116,8335
"2011","Tower Hamlets","E09000030","Total",120873,9895,20014,67532,23432,70041,4597,11151,38207,16086,50832,5298,8863,29325,7346
"2011","Wandsworth","E09000032","Total",178582,11290,21047,106837,39408,91012,4000,7297,53745,25970,87570,7290,13750,53092,13438
"2011","Westminster","E09000033","Total",111179,7640,13917,54879,34743,62641,3202,6224,29136,24079,48538,4438,7693,25743,10664
"2011","Barking and Dagenham","E09000002","Total",75217,6745,15078,46263,7131,40277,2317,5013,27319,5628,34940,4428,10065,18944,1503
"2011","Barnet","E09000003","Total",170658,17500,31467,95329,26362,90085,5854,10639,54013,19579,80573,11646,20828,41316,6783
"2011","Bexley","E09000004","Total",110159,10148,20235,66690,13086,57318,2965,4815,39285,10253,52841,7183,15420,27405,2833
"2011","Brent","E09000005","Total",147461,13578,27679,87987,18217,80561,5715,11486,50227,13133,66900,7863,16193,37760,5084
"2011","Bromley","E09000006","Total",151368,14237,26162,88330,22639,78416,4133,6572,50774,16937,72952,10104,19590,37556,5702
"2011","Croydon","E09000008","Total",172987,15215,31605,105866,20301,89773,5369,9783,59765,14856,83214,9846,21822,46101,5445
"2011","Ealing","E09000009","Total",164820,13592,27512,101193,22523,90013,5188,10788,57800,16237,74807,8404,16724,43393,6286
"2011","Enfield","E09000010","Total",137622,13616,28540,79245,16221,72313,5188,10692,44548,11885,65309,8428,17848,34697,4336
"2011","Greenwich","E09000011","Total",117821,10420,21222,69660,16519,62676,3960,7307,39517,11892,55145,6460,13915,30143,4627
"2011","Harrow","E09000015","Total",113900,10835,21103,67397,14565,61833,3731,7387,39716,10999,52067,7104,13716,27681,3566
"2011","Havering","E09000016","Total",112846,10760,20158,67861,14067,59597,2920,4904,40503,11270,53249,7840,15254,27358,2797
"2011","Hillingdon","E09000017","Total",130290,12259,22475,79923,15633,70127,4401,6890,46745,12091,60163,7858,15585,33178,3542
"2011","Hounslow","E09000018","Total",127032,10703,21169,78585,16575,69965,4192,7981,45688,12104,57067,6511,13188,32897,4471
"2011","Kingston upon Thames","E09000021","Total",81957,8460,13695,47188,12614,43316,2873,4207,27130,9106,38641,5587,9488,20058,3508
"2011","Merton","E09000024","Total",104822,8316,16848,63103,16555,55906,2972,5782,35258,11894,48916,5344,11066,27845,4661
"2011","Redbridge","E09000026","Total",124692,11817,23842,73182,15851,68668,4552,9152,43161,11803,56024,7265,14690,30021,4048
"2011","Richmond upon Thames","E09000027","Total",99204,8813,14668,54424,21299,52434,2817,4106,30316,15195,46770,5996,10562,24108,6104
"2011","Sutton","E09000029","Total",97658,8632,16973,59518,12535,51003,2630,4447,34511,9415,46655,6002,12526,25007,3120
"2011","Waltham Forest","E09000031","Total",121021,10793,23069,73926,13233,65849,4443,9331,42564,9511,55172,6350,13738,31362,3722
"2011","Bracknell Forest","E06000036","Total",61914,5272,9680,37139,9823,32823,1544,2096,21685,7498,29091,3728,7584,15454,2325
"2011","Brighton and Hove","E06000043","Total",139823,15403,28766,78731,16923,73383,5509,9242,46644,11988,66440,9894,19524,32087,4935
"2011","Isle of Wight","E06000046","Total",59299,6470,14402,31938,6489,30678,2063,4085,19821,4709,28621,4407,10317,12117,1780
"2011","Medway","E06000035","Total",126689,12260,23004,74156,17269,68115,3483,5194,45408,14030,58574,8777,17810,28748,3239
"2011","Milton Keynes","E06000042","Total",127783,10506,21119,79695,16463,67910,3349,4977,46998,12586,59873,7157,16142,32697,3877
"2011","Portsmouth","E06000044","Total",96619,10493,18812,56064,11250,51505,3623,4985,34208,8689,45114,6870,13827,21856,2561
"2011","Reading","E06000038","Total",79852,7615,12571,50301,9365,43186,2567,3515,30281,6823,36666,5048,9056,20020,2542
"2011","Slough","E06000039","Total",67300,5470,11520,43072,7238,37144,2109,4098,25405,5532,30156,3361,7422,17667,1706
"2011","Southampton","E06000045","Total",112608,12994,20703,65968,12943,60632,4732,5741,40137,10022,51976,8262,14962,25831,2921
"2011","West Berkshire","E06000037","Total",81679,7843,13435,47282,13119,43640,2164,2859,28595,10022,38039,5679,10576,18687,3097
"2011","Windsor and Maidenhead","E06000040","Total",73951,6709,11705,41725,13812,39677,2005,2972,24364,10336,34274,4704,8733,17361,3476
"2011","Wokingham","E06000041","Total",81377,8274,13144,47267,12692,43417,2389,2818,28555,9655,37960,5885,10326,18712,3037
"2011","Aylesbury Vale","E07000004","Total",90724,8732,16063,51349,14580,48033,2567,3850,30407,11209,42691,6165,12213,20942,3371
"2011","Chiltern","E07000005","Total",44785,5434,7950,23387,8014,23819,1484,1937,14197,6201,20966,3950,6013,9190,1813
"2011","South Bucks","E07000006","Total",33117,3230,5240,18307,6340,17798,931,1244,10724,4899,15319,2299,3996,7583,1441
"2011","Wycombe","E07000007","Total",86350,8992,15005,49054,13299,46614,2815,4087,29563,10149,39736,6177,10918,19491,3150
"2011","Eastbourne","E07000061","Total",44449,4758,9543,24874,5274,23000,1626,2643,14772,3959,21449,3132,6900,10102,1315
"2011","Hastings","E07000062","Total",40671,3926,9193,22831,4721,21034,1273,2574,13596,3591,19637,2653,6619,9235,1130
"2011","Lewes","E07000063","Total",45532,5203,9918,24255,6156,23693,1594,2665,14725,4709,21839,3609,7253,9530,1447
"2011","Rother","E07000064","Total",37583,4344,8240,19179,5820,19827,1339,2251,11732,4505,17756,3005,5989,7447,1315
"2011","Wealden","E07000065","Total",71084,8581,14444,36456,11603,37600,2355,3489,22657,9099,33484,6226,10955,13799,2504
"2011","Basingstoke and Deane","E07000084","Total",90122,7978,14361,55288,12495,47831,2261,2999,32887,9684,42291,5717,11362,22401,2811
"2011","East Hampshire","E07000085","Total",58457,6519,10628,31740,9570,31065,1740,2378,19538,7409,27392,4779,8250,12202,2161
"2011","Eastleigh","E07000086","Total",65768,6507,12563,38030,8668,34313,1848,2518,23159,6788,31455,4659,10045,14871,1880
"2011","Fareham","E07000087","Total",56445,5700,10735,32302,7708,29604,1586,2143,19839,6036,26841,4114,8592,12463,1672
"2011","Gosport","E07000088","Total",40063,3484,7373,24092,5114,21343,982,1517,14787,4057,18720,2502,5856,9305,1057
"2011","Hart","E07000089","Total",48047,4973,7821,26942,8311,26001,1301,1590,16613,6497,22046,3672,6231,10329,1814
"2011","Havant","E07000090","Total",55555,5595,11383,31449,7128,29179,1603,2506,19422,5648,26376,3992,8877,12027,1480
"2011","New Forest","E07000091","Total",82993,9975,17045,44181,11792,43254,2730,3950,27335,9239,39739,7245,13095,16846,2553
"2011","Rushmoor","E07000092","Total",51087,4229,8063,31766,7029,27487,1242,1774,18897,5574,23600,2987,6289,12869,1455
"2011","Test Valley","E07000093","Total",59611,6209,10735,33465,9202,31602,1720,2282,20332,7268,28009,4489,8453,13133,1934
"2011","Winchester","E07000094","Total",57318,7309,10491,29583,9935,30063,2086,2505,17899,7573,27255,5223,7986,11684,2362
"2011","Ashford","E07000105","Total",57546,5919,10992,31824,8811,30334,1698,2518,19198,6920,27212,4221,8474,12626,1891
"2011","Canterbury","E07000106","Total",65620,8958,13676,33519,9467,33751,3027,3670,19947,7107,31869,5931,10006,13572,2360
"2011","Dartford","E07000107","Total",49611,4205,8482,30301,6623,26308,1163,1944,17972,5229,23303,3042,6538,12329,1394
"2011","Dover","E07000108","Total",50396,5025,10544,27821,7006,26602,1529,2744,16906,5423,23794,3496,7800,10915,1583
"2011","Gravesham","E07000109","Total",47639,4559,9097,27296,6687,25589,1249,2167,16819,5354,22050,3310,6930,10477,1333
"2011","Maidstone","E07000110","Total",78090,7706,14279,43789,12316,41797,2214,3312,26514,9757,36293,5492,10967,17275,2559
"2011","Sevenoaks","E07000111","Total",56015,6150,10174,29704,9987,29941,1590,2456,18009,7886,26074,4560,7718,11695,2101
"2011","Folkestone and Hythe","E07000112","Total",48280,4864,10016,26520,6880,25704,1527,2557,16177,5443,22576,3337,7459,10343,1437
"2011","Swale","E07000113","Total",62810,6010,11778,35441,9581,33604,1571,2681,21632,7720,29206,4439,9097,13809,1861
"2011","Thanet","E07000114","Total",55200,5560,12568,30228,6844,28293,1847,3365,17952,5129,26907,3713,9203,12276,1715
"2011","Tonbridge and Malling","E07000115","Total",59993,6201,11083,33176,9533,31691,1672,2399,19987,7633,28302,4529,8684,13189,1900
"2011","Tunbridge Wells","E07000116","Total",57234,5958,10293,31264,9719,30865,1641,2636,18995,7593,26369,4317,7657,12269,2126
"2011","Cherwell","E07000177","Total",74829,6853,13311,43981,10684,39567,1983,2814,26506,8264,35262,4870,10497,17475,2420
"2011","Oxford","E07000178","Total",69807,8049,12267,40184,9307,36187,3223,3770,22824,6370,33620,4826,8497,17360,2937
"2011","South Oxfordshire","E07000179","Total",70087,7152,12252,39517,11166,37187,2000,2720,23998,8469,32900,5152,9532,15519,2697
"2011","Vale of White Horse","E07000180","Total",63181,6012,11104,36689,9376,33743,1755,2426,22404,7158,29438,4257,8678,14285,2218
"2011","West Oxfordshire","E07000181","Total",56515,5452,9768,32351,8944,29919,1508,1956,19567,6888,26596,3944,7812,12784,2056
"2011","Elmbridge","E07000207","Total",64730,6474,10465,34267,13524,34706,1805,2520,20053,10328,30024,4669,7945,14214,3196
"2011","Epsom and Ewell","E07000208","Total",38005,3979,6677,21691,5658,19954,1143,1604,12851,4356,18051,2836,5073,8840,1302
"2011","Guildford","E07000209","Total",70021,8222,11523,38674,11602,37615,2458,2762,23453,8942,32406,5764,8761,15221,2660
"2011","Mole Valley","E07000210","Total",42422,4802,7685,22730,7205,22571,1303,1835,13877,5556,19851,3499,5850,8853,1649
"2011","Reigate and Banstead","E07000211","Total",71236,6787,12019,41301,11129,37728,1938,2895,24378,8517,33508,4849,9124,16923,2612
"2011","Runnymede","E07000212","Total",40651,4484,6718,22964,6485,21477,1349,1698,13503,4927,19174,3135,5020,9461,1558
"2011","Spelthorne","E07000213","Total",50161,4278,8251,30880,6752,26489,1298,1902,18206,5083,23672,2980,6349,12674,1669
"2011","Surrey Heath","E07000214","Total",44968,4487,7561,25306,7614,24164,1293,1792,15132,5947,20804,3194,5769,10174,1667
"2011","Tandridge","E07000215","Total",41813,4359,7303,23040,7111,21975,1220,1690,13610,5455,19838,3139,5613,9430,1656
"2011","Waverley","E07000216","Total",59178,7034,10632,30875,10637,31643,1911,2453,19027,8252,27535,5123,8179,11848,2385
"2011","Woking","E07000217","Total",51341,4878,8230,30103,8130,28025,1480,2161,18100,6284,23316,3398,6069,12003,1846
"2011","Adur","E07000223","Total",29356,2986,6340,16602,3428,15301,900,1575,10158,2668,14055,2086,4765,6444,760
"2011","Arun","E07000224","Total",67443,7429,14018,37119,8877,34913,2205,3570,22290,6848,32530,5224,10448,14829,2029
"2011","Chichester","E07000225","Total",53285,6703,10619,27171,8792,27815,1937,2699,16449,6730,25470,4766,7920,10722,2062
"2011","Crawley","E07000226","Total",55466,4573,9684,35078,6131,29560,1425,2504,20890,4741,25906,3148,7180,14188,1390
"2011","Horsham","E07000227","Total",66299,7634,12263,35840,10562,34830,2059,2728,21948,8095,31469,5575,9535,13892,2467
"2011","Mid Sussex","E07000228","Total",72229,7643,13549,40343,10694,38103,2124,3013,24667,8299,34126,5519,10536,15676,2395
"2011","Worthing","E07000229","Total",50611,5210,10129,29243,6029,26218,1600,2475,17599,4544,24393,3610,7654,11644,1485
"2011","Bath and North East Somerset","E06000022","Total",84858,10836,17319,45652,11051,44083,3282,4183,28225,8393,40775,7554,13136,17427,2658
"2011","Bournemouth","E06000028","Total",89186,9815,17617,51165,10589,47594,3544,5112,30758,8180,41592,6271,12505,20407,2409
"2011","Bristol, City of","E06000023","Total",209995,21333,39767,126250,22645,110813,7193,11087,75850,16683,99182,14140,28680,50400,5962
"2011","Cornwall","E06000052","Total",244527,26426,56519,127948,33634,127776,7927,15037,79381,25431,116751,18499,41482,48567,8203
"2011","Isles of Scilly","E06000053","Total",1311,93,229,745,244,694,26,63,445,160,617,67,166,300,84
"2011","North Somerset","E06000024","Total",97563,10516,20281,53501,13265,51037,3059,4473,33066,10439,46526,7457,15808,20435,2826
"2011","Plymouth","E06000026","Total",117466,12119,25747,66730,12870,61712,3933,6136,41442,10201,55754,8186,19611,25288,2669
"2011","Poole","E06000029","Total",71709,7489,14262,40868,9090,38189,2247,3353,25355,7234,33520,5242,10909,15513,1856
"2011","South Gloucestershire","E06000025","Total",136531,14081,26827,79877,15746,72052,3750,5192,50426,12684,64479,10331,21635,29451,3062
"2011","Swindon","E06000030","Total",109499,9044,18995,69787,11673,59034,2733,4173,42889,9239,50465,6311,14822,26898,2434
"2011","Torbay","E06000027","Total",56912,5710,13728,30781,6693,29353,1863,3739,18717,5034,27559,3847,9989,12064,1659
"2011","Wiltshire","E06000054","Total",239216,24274,44491,132635,37816,128455,6700,9751,81830,30174,110761,17574,34740,50805,7642
"2011","East Devon","E07000040","Total",59908,7045,13520,30304,9039,31355,2081,3466,18740,7068,28553,4964,10054,11564,1971
"2011","Exeter","E07000041","Total",57139,6861,12094,32286,5898,29331,2318,3120,19416,4477,27808,4543,8974,12870,1421
"2011","Mid Devon","E07000042","Total",38508,4072,8042,20216,6178,20226,1102,1854,12420,4850,18282,2970,6188,7796,1328
"2011","North Devon","E07000043","Total",44754,4823,10178,23096,6657,23675,1464,2593,14529,5089,21079,3359,7585,8567,1568
"2011","South Hams","E07000044","Total",39999,4841,9006,19675,6477,20817,1377,2352,12076,5012,19182,3464,6654,7599,1465
"2011","Teignbridge","E07000045","Total",58962,6587,13061,31183,8131,30456,1978,3306,18972,6200,28506,4609,9755,12211,1931
"2011","Torridge","E07000046","Total",29402,3298,6689,14757,4658,15550,876,1715,9315,3644,13852,2422,4974,5442,1014
"2011","West Devon","E07000047","Total",25241,3043,5509,12144,4545,13105,905,1424,7393,3383,12136,2138,4085,4751,1162
"2011","Christchurch","E07000048","Total",20301,2379,4536,10881,2505,10666,716,1146,6833,1971,9635,1663,3390,4048,534
"2011","East Dorset","E07000049","Total",40050,5085,8277,20735,5953,21088,1407,1850,13073,4758,18962,3678,6427,7662,1195
"2011","North Dorset","E07000050","Total",33432,3575,6367,17689,5801,18230,928,1398,11301,4603,15202,2647,4969,6388,1198
"2011","Purbeck","E07000051","Total",21419,2510,4549,11187,3173,11462,699,1115,7124,2524,9957,1811,3434,4063,649
"2011","West Dorset","E07000052","Total",45714,5554,10018,23278,6864,23910,1606,2551,14495,5258,21804,3948,7467,8783,1606
"2011","Weymouth and Portland","E07000053","Total",29987,3128,7119,16235,3505,15874,994,1949,10238,2693,14113,2134,5170,5997,812
"2011","Cheltenham","E07000078","Total",59183,6017,10967,35130,7069,31276,1949,2841,21329,5157,27907,4068,8126,13801,1912
"2011","Cotswold","E07000079","Total",41529,4995,7887,21363,7284,21988,1323,1903,13181,5581,19541,3672,5984,8182,1703
"2011","Forest of Dean","E07000080","Total",39068,4281,7946,21257,5584,20801,1140,1796,13446,4419,18267,3141,6150,7811,1165
"2011","Gloucester","E07000081","Total",61374,5501,12479,37214,6180,32162,1716,2726,22825,4895,29212,3785,9753,14389,1285
"2011","Stroud","E07000082","Total",57342,6433,11609,31518,7782,30419,1824,2603,19978,6014,26923,4609,9006,11540,1768
"2011","Tewkesbury","E07000083","Total",41544,4113,7983,23936,5512,21884,1140,1701,14735,4308,19660,2973,6282,9201,1204
"2011","Mendip","E07000187","Total",53845,6142,11649,27621,8433,28097,1671,2763,17040,6623,25748,4471,8886,10581,1810
"2011","Sedgemoor","E07000188","Total",54540,5839,11544,29686,7471,28870,1653,2621,18705,5891,25670,4186,8923,10981,1580
"2011","South Somerset","E07000189","Total",78771,8209,16094,43608,10860,42308,2354,3463,27929,8562,36463,5855,12631,15679,2298
"2011","Taunton Deane","E07000190","Total",54244,5414,11631,29882,7317,28004,1636,2644,18032,5692,26240,3778,8987,11850,1625
"2011","West Somerset","E07000191","Total",15355,1688,3510,7782,2375,8055,498,1056,4779,1722,7300,1190,2454,3003,653
"2011","Isle of Anglesey","W06000001","Total",30431,2772,6374,17412,3873,16061,832,1640,10528,3061,14370,1940,4734,6884,812
"2011","Gwynedd","W06000002","Total",53961,5791,11670,29345,7155,28391,1876,3283,17692,5540,25570,3915,8387,11653,1615
"2011","Conwy","W06000003","Total",50093,4659,11559,27261,6614,25780,1603,3271,15833,5073,24313,3056,8288,11428,1541
"2011","Denbighshire","W06000004","Total",41156,3641,8980,23169,5366,21194,1219,2393,13368,4214,19962,2422,6587,9801,1152
"2011","Flintshire","W06000005","Total",74049,6618,14821,44653,7957,38941,1958,3208,27443,6332,35108,4660,11613,17210,1625
"2011","Wrexham","W06000006","Total",63614,5440,13202,37826,7146,33532,1597,3026,23123,5786,30082,3843,10176,14703,1360
"2011","Powys","W06000023","Total",63653,6154,13120,32577,11802,33893,1811,3252,19545,9285,29760,4343,9868,13032,2517
"2011","Ceredigion","W06000008","Total",32446,4011,6762,16329,5344,17127,1446,2034,9667,3980,15319,2565,4728,6662,1364
"2011","Pembrokeshire","W06000009","Total",54217,5486,12430,27735,8566,28642,1645,3058,17317,6622,25575,3841,9372,10418,1944
"2011","Carmarthenshire","W06000010","Total",80680,6932,17204,44798,11746,41938,2248,4486,26279,8925,38742,4684,12718,18519,2821
"2011","Swansea","W06000011","Total",102793,10618,23454,58644,10077,53508,3734,6504,35336,7934,49285,6884,16950,23308,2143
"2011","Neath Port Talbot","W06000012","Total",58980,4688,12659,36034,5599,31033,1445,2736,22351,4501,27947,3243,9923,13683,1098
"2011","Bridgend","W06000013","Total",61259,5029,12918,36822,6490,32157,1532,3031,22406,5188,29102,3497,9887,14416,1302
"2011","Vale of Glamorgan","W06000014","Total",58978,5358,12312,33652,7656,30655,1687,2976,19965,6027,28323,3671,9336,13687,1629
"2011","Cardiff","W06000015","Total",159614,16612,31279,94722,17001,82702,6068,9336,54706,12592,76912,10544,21943,40016,4409
"2011","Rhondda Cynon Taff","W06000016","Total",99327,8196,20736,61047,9348,51755,2520,4730,36955,7550,47572,5676,16006,24092,1798
"2011","Merthyr Tydfil","W06000024","Total",25099,1921,5198,15662,2318,13036,632,1274,9269,1861,12063,1289,3924,6393,457
"2011","Caerphilly","W06000018","Total",77488,5815,15097,49005,7571,40618,1752,3503,29320,6043,36870,4063,11594,19685,1528
"2011","Blaenau Gwent","W06000019","Total",28291,2134,5849,17820,2488,14866,695,1412,10715,2044,13425,1439,4437,7105,444
"2011","Torfaen","W06000020","Total",40261,3264,8280,24940,3777,20858,993,1853,15001,3011,19403,2271,6427,9939,766
"2011","Monmouthshire","W06000021","Total",42817,4240,8459,23344,6774,22640,1291,2014,14096,5239,20177,2949,6445,9248,1535
"2011","Newport","W06000022","Total",64408,5681,14150,37808,6769,33633,1870,3647,22755,5361,30775,3811,10503,15053,1408
